9.722e-01 2.778e-02 0.000e+00 0.000e+00 0.000e+00 0.000e+00 0.000e+00 0.000e+00 0.000e+00 0.000e+00
0.000e+00 9.556e-01 0.000e+00 0.000e+00 0.000e+00 0.000e+00 0.000e+00 2.222e-02 0.000e+00 2.222e-02
0.000e+00 4.878e-02 8.049e-01 0.000e+00 0.000e+00 0.000e+00 0.000e+00 0.000e+00 1.220e-01 2.439e-02
0.000e+00 0.000e+00 0.000e+00 8.788e-01 0.000e+00 0.000e+00 0.000e+00 3.030e-02 3.030e-02 6.061e-02
0.000e+00 0.000e+00 0.000e+00 0.000e+00 8.983e-01 0.000e+00 0.000e+00 5.085e-02 5.085e-02 0.000e+00
0.000e+00 5.172e-02 0.000e+00 0.000e+00 0.000e+00 7.414e-01 0.000e+00 0.000e+00 0.000e+00 2.069e-01
0.000e+00 0.000e+00 0.000e+00 0.000e+00 0.000e+00 0.000e+00 9.535e-01 0.000e+00 4.651e-02 0.000e+00
0.000e+00 4.255e-02 0.000e+00 0.000e+00 0.000e+00 0.000e+00 0.000e+00 9.574e-01 0.000e+00 0.000e+00
0.000e+00 2.500e-02 0.000e+00 0.000e+00 0.000e+00 0.000e+00 0.000e+00 0.000e+00 9.750e-01 0.000e+00
0.000e+00 0.000e+00 0.000e+00 2.381e-02 0.000e+00 0.000e+00 0.000e+00 2.381e-02 0.000e+00 9.524e-01
