4.102e-05 4.102e-05 4.102e-05 4.102e-05 4.102e-05 4.102e-05 4.102e-05 2.092e-03 8.655e-03 2.629e-02 4.270e-02 6.034e-02 7.059e-02 7.141e-02 6.444e-02 5.377e-02 4.229e-02 2.629e-02 1.399e-02 7.834e-03 4.553e-03 1.682e-03 8.614e-04 8.614e-04 4.512e-04 4.512e-04 4.102e-05 4.102e-05 4.102e-05 4.102e-05 4.102e-05 4.102e-05
4.102e-05 4.102e-05 4.102e-05 4.102e-05 4.102e-05 4.102e-05 1.682e-03 9.885e-03 3.039e-02 5.254e-02 7.428e-02 8.536e-02 9.397e-02 9.561e-02 9.028e-02 8.003e-02 6.567e-02 4.967e-02 3.614e-02 1.891e-02 1.030e-02 6.194e-03 2.092e-03 1.272e-03 8.614e-04 4.512e-04 4.512e-04 4.102e-05 4.102e-05 4.102e-05 4.102e-05 4.102e-05
4.102e-05 4.102e-05 4.102e-05 4.102e-05 4.102e-05 4.102e-05 7.014e-03 3.080e-02 5.459e-02 7.879e-02 9.356e-02 9.766e-02 9.930e-02 1.001e-01 9.848e-02 9.110e-02 7.838e-02 6.526e-02 4.762e-02 3.286e-02 2.014e-02 1.112e-02 6.194e-03 2.502e-03 8.614e-04 4.512e-04 4.512e-04 4.512e-04 4.102e-05 4.102e-05 4.102e-05 4.102e-05
4.102e-05 4.102e-05 4.102e-05 4.102e-05 4.102e-05 1.272e-03 1.112e-02 3.860e-02 7.223e-02 9.069e-02 9.602e-02 9.889e-02 1.001e-01 1.005e-01 1.005e-01 9.766e-02 9.110e-02 7.962e-02 6.485e-02 4.639e-02 2.875e-02 1.932e-02 9.475e-03 4.963e-03 1.682e-03 4.512e-04 4.512e-04 4.512e-04 4.102e-05 4.102e-05 4.102e-05 4.102e-05
4.102e-05 4.102e-05 4.102e-05 4.102e-05 4.102e-05 4.143e-03 2.588e-02 5.747e-02 8.659e-02 9.479e-02 9.848e-02 1.005e-01 1.005e-01 1.009e-01 1.005e-01 9.930e-02 9.520e-02 8.782e-02 7.346e-02 5.418e-02 3.573e-02 2.342e-02 1.399e-02 6.604e-03 2.092e-03 8.614e-04 4.512e-04 4.512e-04 4.102e-05 4.102e-05 4.102e-05 4.102e-05
4.102e-05 4.102e-05 4.102e-05 4.102e-05 4.512e-04 1.030e-02 3.655e-02 7.018e-02 8.741e-02 9.725e-02 9.971e-02 9.971e-02 9.766e-02 9.520e-02 9.561e-02 9.684e-02 9.438e-02 8.741e-02 7.715e-02 6.116e-02 4.270e-02 2.957e-02 1.932e-02 8.655e-03 3.322e-03 1.272e-03 4.512e-04 4.512e-04 4.102e-05 4.102e-05 4.102e-05 4.102e-05
4.102e-05 4.102e-05 4.102e-05 4.102e-05 1.272e-03 1.563e-02 4.680e-02 7.551e-02 8.987e-02 9.561e-02 9.520e-02 8.987e-02 8.044e-02 7.387e-02 7.264e-02 7.428e-02 8.331e-02 8.208e-02 7.797e-02 6.731e-02 5.008e-02 3.244e-02 2.219e-02 9.475e-03 3.322e-03 1.272e-03 8.614e-04 4.102e-05 4.102e-05 4.102e-05 4.102e-05 4.102e-05
4.102e-05 4.102e-05 4.102e-05 4.102e-05 3.322e-03 1.850e-02 5.090e-02 7.633e-02 8.700e-02 9.151e-02 8.495e-02 6.690e-02 4.844e-02 4.270e-02 4.721e-02 5.665e-02 6.731e-02 7.838e-02 7.551e-02 6.731e-02 5.500e-02 3.737e-02 2.465e-02 1.153e-02 4.143e-03 1.272e-03 4.512e-04 4.102e-05 4.102e-05 4.102e-05 4.102e-05 4.102e-05
4.102e-05 4.102e-05 4.102e-05 4.102e-05 2.502e-03 1.604e-02 4.598e-02 7.100e-02 8.413e-02 8.167e-02 6.895e-02 4.516e-02 3.039e-02 2.301e-02 3.121e-02 4.721e-02 5.993e-02 7.510e-02 7.551e-02 6.854e-02 5.829e-02 3.983e-02 2.424e-02 1.440e-02 6.194e-03 1.682e-03 4.512e-04 4.102e-05 4.102e-05 4.102e-05 4.102e-05 4.102e-05
4.102e-05 4.102e-05 4.102e-05 4.102e-05 3.322e-03 1.891e-02 4.680e-02 6.239e-02 7.674e-02 7.018e-02 4.885e-02 2.547e-02 1.850e-02 1.809e-02 2.916e-02 4.393e-02 6.116e-02 7.510e-02 7.551e-02 7.141e-02 5.870e-02 3.901e-02 2.424e-02 1.276e-02 6.194e-03 1.272e-03 4.512e-04 4.102e-05 4.102e-05 4.102e-05 4.102e-05 4.102e-05
4.102e-05 4.102e-05 4.102e-05 4.102e-05 1.682e-03 1.440e-02 3.860e-02 5.418e-02 6.403e-02 5.665e-02 3.532e-02 2.055e-02 1.153e-02 1.604e-02 2.793e-02 4.229e-02 5.952e-02 7.387e-02 8.044e-02 7.305e-02 5.829e-02 4.147e-02 2.629e-02 1.235e-02 4.553e-03 4.512e-04 4.512e-04 4.102e-05 4.102e-05 4.102e-05 4.102e-05 4.102e-05
4.102e-05 4.102e-05 4.102e-05 4.102e-05 1.272e-03 1.317e-02 2.793e-02 4.270e-02 5.008e-02 4.065e-02 2.547e-02 1.809e-02 1.235e-02 1.358e-02 2.670e-02 4.639e-02 6.034e-02 7.182e-02 7.756e-02 7.100e-02 5.665e-02 3.860e-02 2.424e-02 1.276e-02 4.963e-03 1.682e-03 4.102e-05 4.102e-05 4.102e-05 4.102e-05 4.102e-05 4.102e-05
4.102e-05 4.102e-05 4.102e-05 4.102e-05 1.272e-03 7.424e-03 1.973e-02 3.327e-02 3.737e-02 3.121e-02 1.973e-02 1.358e-02 1.153e-02 1.604e-02 2.629e-02 4.475e-02 6.280e-02 7.305e-02 7.715e-02 7.141e-02 5.541e-02 3.614e-02 2.096e-02 1.194e-02 4.143e-03 8.614e-04 4.102e-05 4.102e-05 4.102e-05 4.102e-05 4.102e-05 4.102e-05
4.102e-05 4.102e-05 4.102e-05 4.102e-05 4.102e-05 4.963e-03 1.194e-02 2.219e-02 2.588e-02 2.055e-02 1.317e-02 1.071e-02 1.071e-02 1.768e-02 3.162e-02 4.926e-02 6.403e-02 7.592e-02 7.633e-02 7.059e-02 5.418e-02 3.327e-02 1.932e-02 8.655e-03 3.733e-03 4.102e-05 4.102e-05 4.102e-05 4.102e-05 4.102e-05 4.102e-05 4.102e-05
4.102e-05 4.102e-05 4.102e-05 4.102e-05 4.102e-05 2.092e-03 4.963e-03 1.153e-02 1.399e-02 1.276e-02 9.475e-03 8.655e-03 1.276e-02 2.096e-02 3.409e-02 5.254e-02 6.772e-02 7.551e-02 7.633e-02 6.690e-02 5.131e-02 3.286e-02 1.727e-02 9.475e-03 2.092e-03 4.102e-05 4.102e-05 4.102e-05 4.102e-05 4.102e-05 4.102e-05 4.102e-05
4.102e-05 4.102e-05 4.102e-05 4.102e-05 4.102e-05 8.614e-04 3.322e-03 4.963e-03 6.194e-03 6.194e-03 8.245e-03 8.655e-03 1.399e-02 2.260e-02 3.983e-02 5.541e-02 7.100e-02 7.551e-02 7.387e-02 6.157e-02 4.639e-02 2.916e-02 1.686e-02 7.014e-03 2.502e-03 1.272e-03 4.102e-05 4.102e-05 4.102e-05 4.102e-05 4.102e-05 4.102e-05
4.102e-05 4.102e-05 4.102e-05 4.102e-05 4.102e-05 4.102e-05 1.682e-03 2.912e-03 3.322e-03 3.733e-03 4.963e-03 9.065e-03 1.645e-02 3.244e-02 5.008e-02 6.321e-02 7.715e-02 7.797e-02 7.223e-02 5.624e-02 3.901e-02 2.260e-02 1.071e-02 4.553e-03 1.272e-03 4.102e-05 4.102e-05 4.102e-05 4.102e-05 4.102e-05 4.102e-05 4.102e-05
4.102e-05 4.102e-05 4.102e-05 4.102e-05 4.102e-05 4.102e-05 8.614e-04 1.272e-03 1.682e-03 2.502e-03 3.733e-03 1.153e-02 2.383e-02 3.983e-02 5.829e-02 7.100e-02 7.879e-02 7.715e-02 6.690e-02 4.844e-02 3.162e-02 1.809e-02 7.424e-03 2.912e-03 1.272e-03 4.102e-05 4.102e-05 4.102e-05 4.102e-05 4.102e-05 4.102e-05 4.102e-05
4.102e-05 4.102e-05 4.102e-05 4.102e-05 4.102e-05 4.102e-05 4.102e-05 4.512e-04 2.092e-03 3.322e-03 7.834e-03 1.809e-02 3.368e-02 4.844e-02 6.403e-02 7.428e-02 7.633e-02 7.182e-02 5.870e-02 4.229e-02 2.670e-02 1.440e-02 7.424e-03 3.733e-03 1.272e-03 4.512e-04 4.102e-05 4.102e-05 4.102e-05 4.102e-05 4.102e-05 4.102e-05
4.102e-05 4.102e-05 4.102e-05 4.102e-05 4.102e-05 4.102e-05 4.102e-05 8.614e-04 2.092e-03 4.963e-03 1.153e-02 2.547e-02 3.819e-02 5.459e-02 6.895e-02 7.592e-02 7.633e-02 6.731e-02 5.254e-02 3.614e-02 2.383e-02 1.399e-02 7.014e-03 2.092e-03 1.272e-03 4.102e-05 4.102e-05 4.102e-05 4.102e-05 4.102e-05 4.102e-05 4.102e-05
4.102e-05 4.102e-05 4.102e-05 4.102e-05 4.102e-05 4.102e-05 4.102e-05 1.682e-03 3.322e-03 9.065e-03 2.219e-02 3.244e-02 5.213e-02 6.157e-02 7.264e-02 7.797e-02 7.264e-02 6.239e-02 4.680e-02 3.368e-02 1.973e-02 1.071e-02 5.373e-03 2.502e-03 4.512e-04 4.102e-05 4.102e-05 4.102e-05 4.102e-05 4.102e-05 4.102e-05 4.102e-05
4.102e-05 4.102e-05 4.102e-05 4.102e-05 4.102e-05 4.102e-05 4.512e-04 3.322e-03 7.014e-03 1.727e-02 2.752e-02 4.106e-02 5.624e-02 6.731e-02 7.756e-02 7.797e-02 6.977e-02 5.870e-02 4.311e-02 2.752e-02 1.481e-02 7.424e-03 2.502e-03 1.682e-03 1.272e-03 4.512e-04 4.102e-05 4.102e-05 4.102e-05 4.102e-05 4.102e-05 4.102e-05
4.102e-05 4.102e-05 4.102e-05 4.102e-05 4.102e-05 4.512e-04 1.682e-03 4.963e-03 1.481e-02 2.629e-02 3.614e-02 5.090e-02 6.854e-02 7.510e-02 7.879e-02 7.551e-02 6.239e-02 5.049e-02 3.737e-02 2.260e-02 1.317e-02 7.424e-03 4.553e-03 2.502e-03 2.912e-03 2.092e-03 8.614e-04 4.102e-05 4.102e-05 4.102e-05 4.102e-05 4.102e-05
4.102e-05 4.102e-05 4.102e-05 4.102e-05 4.512e-04 1.682e-03 3.733e-03 1.112e-02 2.301e-02 3.450e-02 5.131e-02 6.485e-02 7.469e-02 8.413e-02 8.167e-02 7.305e-02 5.911e-02 4.803e-02 3.409e-02 2.178e-02 1.768e-02 1.194e-02 1.276e-02 1.194e-02 1.153e-02 8.655e-03 5.373e-03 1.272e-03 4.102e-05 4.102e-05 4.102e-05 4.102e-05
4.102e-05 4.102e-05 4.102e-05 4.512e-04 4.512e-04 2.092e-03 8.655e-03 2.055e-02 3.203e-02 4.844e-02 6.977e-02 7.962e-02 9.028e-02 9.274e-02 8.372e-02 7.264e-02 6.608e-02 5.336e-02 4.803e-02 4.188e-02 3.696e-02 3.368e-02 3.614e-02 3.450e-02 2.916e-02 2.219e-02 1.399e-02 7.014e-03 8.614e-04 4.102e-05 4.102e-05 4.102e-05
4.102e-05 4.102e-05 4.512e-04 4.512e-04 8.614e-04 1.272e-03 1.071e-02 2.506e-02 4.147e-02 6.936e-02 8.290e-02 9.110e-02 9.561e-02 9.479e-02 9.110e-02 8.618e-02 8.085e-02 7.674e-02 6.977e-02 6.649e-02 6.198e-02 6.198e-02 5.952e-02 5.624e-02 5.459e-02 4.393e-02 2.834e-02 1.440e-02 3.733e-03 4.512e-04 4.102e-05 4.102e-05
4.102e-05 4.102e-05 4.102e-05 4.512e-04 4.512e-04 2.502e-03 1.358e-02 3.491e-02 5.870e-02 8.003e-02 9.479e-02 9.807e-02 9.971e-02 9.889e-02 9.684e-02 9.643e-02 9.397e-02 9.233e-02 9.110e-02 9.028e-02 8.864e-02 8.700e-02 8.290e-02 8.331e-02 8.003e-02 7.100e-02 4.762e-02 2.629e-02 9.475e-03 2.092e-03 4.512e-04 4.102e-05
4.102e-05 4.102e-05 4.102e-05 4.512e-04 4.512e-04 2.912e-03 1.522e-02 3.983e-02 6.526e-02 8.782e-02 9.766e-02 1.001e-01 1.005e-01 1.009e-01 1.001e-01 9.889e-02 9.889e-02 9.889e-02 9.889e-02 9.807e-02 9.725e-02 9.766e-02 9.561e-02 9.479e-02 9.192e-02 8.085e-02 6.075e-02 4.065e-02 1.686e-02 3.733e-03 8.614e-04 4.102e-05
4.102e-05 4.102e-05 4.102e-05 4.512e-04 4.512e-04 8.614e-04 1.358e-02 3.778e-02 6.198e-02 8.454e-02 9.643e-02 1.001e-01 1.001e-01 1.005e-01 1.005e-01 1.001e-01 1.001e-01 9.971e-02 9.971e-02 9.971e-02 9.971e-02 9.971e-02 9.807e-02 9.684e-02 9.110e-02 8.700e-02 6.526e-02 4.598e-02 2.629e-02 7.014e-03 2.092e-03 4.512e-04
4.102e-05 4.102e-05 4.102e-05 4.102e-05 4.102e-05 4.102e-05 7.014e-03 3.080e-02 5.459e-02 7.920e-02 9.356e-02 9.684e-02 9.807e-02 9.889e-02 9.807e-02 9.848e-02 9.807e-02 9.725e-02 9.725e-02 9.561e-02 9.520e-02 9.479e-02 9.356e-02 8.946e-02 8.700e-02 7.838e-02 6.403e-02 4.024e-02 2.342e-02 7.424e-03 1.272e-03 8.614e-04
4.102e-05 4.102e-05 4.102e-05 4.102e-05 4.102e-05 4.512e-04 2.912e-03 1.358e-02 3.532e-02 5.624e-02 7.387e-02 8.536e-02 8.905e-02 8.987e-02 8.905e-02 8.905e-02 8.659e-02 8.454e-02 8.331e-02 8.044e-02 7.715e-02 7.469e-02 7.141e-02 7.141e-02 6.649e-02 5.993e-02 4.967e-02 3.778e-02 2.219e-02 1.235e-02 2.092e-03 8.614e-04
4.102e-05 4.102e-05 4.102e-05 4.102e-05 4.102e-05 4.512e-04 1.272e-03 4.963e-03 1.727e-02 3.162e-02 4.557e-02 5.665e-02 6.157e-02 6.280e-02 6.116e-02 6.075e-02 5.459e-02 4.967e-02 4.598e-02 4.270e-02 4.229e-02 4.311e-02 4.106e-02 4.065e-02 4.270e-02 3.614e-02 2.916e-02 2.014e-02 1.153e-02 3.733e-03 4.512e-04 4.512e-04
