4.102e-05 4.102e-05 4.102e-05 4.102e-05 4.102e-05 4.102e-05 4.102e-05 4.102e-05 4.512e-04 2.092e-03 4.143e-03 9.885e-03 1.973e-02 3.326e-02 4.229e-02 5.459e-02 5.336e-02 4.844e-02 3.983e-02 3.203e-02 1.973e-02 1.071e-02 3.322e-03 1.271e-03 8.613e-04 4.102e-05 4.102e-05 4.102e-05 4.102e-05 4.102e-05 4.102e-05 4.102e-05
4.102e-05 4.102e-05 4.102e-05 4.102e-05 4.102e-05 4.102e-05 4.102e-05 8.613e-04 1.682e-03 8.244e-03 1.768e-02 3.983e-02 6.033e-02 7.469e-02 8.453e-02 8.658e-02 8.617e-02 7.920e-02 7.346e-02 6.403e-02 5.131e-02 3.737e-02 2.219e-02 8.654e-03 3.322e-03 1.271e-03 8.613e-04 4.102e-05 4.102e-05 4.102e-05 4.102e-05 4.102e-05
4.102e-05 4.102e-05 4.102e-05 4.102e-05 4.102e-05 4.102e-05 4.102e-05 1.682e-03 1.029e-02 3.285e-02 5.623e-02 7.387e-02 8.453e-02 9.027e-02 9.274e-02 9.192e-02 9.069e-02 8.822e-02 8.289e-02 8.002e-02 6.936e-02 5.910e-02 3.778e-02 2.260e-02 9.885e-03 3.732e-03 1.682e-03 4.512e-04 4.102e-05 4.102e-05 4.102e-05 4.102e-05
4.102e-05 4.102e-05 4.102e-05 4.102e-05 4.102e-05 4.102e-05 8.613e-04 7.424e-03 2.834e-02 5.459e-02 7.469e-02 8.863e-02 9.274e-02 9.356e-02 9.397e-02 9.315e-02 9.315e-02 9.069e-02 8.863e-02 8.535e-02 8.125e-02 7.223e-02 5.951e-02 3.737e-02 2.055e-02 5.783e-03 8.613e-04 4.102e-05 4.102e-05 4.102e-05 4.102e-05 4.102e-05
4.102e-05 4.102e-05 4.102e-05 4.102e-05 4.102e-05 4.512e-04 4.143e-03 2.014e-02 4.803e-02 7.346e-02 8.699e-02 9.192e-02 9.233e-02 9.192e-02 8.617e-02 8.289e-02 8.289e-02 8.125e-02 8.248e-02 8.371e-02 8.043e-02 7.756e-02 6.772e-02 5.049e-02 2.752e-02 1.112e-02 2.912e-03 4.512e-04 4.102e-05 4.102e-05 4.102e-05 4.102e-05
4.102e-05 4.102e-05 4.102e-05 4.102e-05 4.102e-05 1.682e-03 8.244e-03 3.819e-02 6.279e-02 8.207e-02 8.904e-02 9.151e-02 8.617e-02 7.387e-02 6.444e-02 5.664e-02 5.254e-02 5.295e-02 6.115e-02 7.141e-02 7.428e-02 7.715e-02 7.223e-02 6.033e-02 3.326e-02 1.522e-02 3.322e-03 4.512e-04 4.102e-05 4.102e-05 4.102e-05 4.102e-05
4.102e-05 4.102e-05 4.102e-05 4.102e-05 4.102e-05 8.613e-04 1.891e-02 4.844e-02 7.141e-02 8.330e-02 8.986e-02 8.535e-02 6.936e-02 5.213e-02 3.654e-02 3.162e-02 3.080e-02 3.121e-02 3.983e-02 5.705e-02 7.018e-02 7.879e-02 7.592e-02 6.320e-02 4.557e-02 1.686e-02 4.963e-03 4.102e-05 4.102e-05 4.102e-05 4.102e-05 4.102e-05
4.102e-05 4.102e-05 4.102e-05 4.102e-05 4.102e-05 6.193e-03 2.670e-02 5.459e-02 7.469e-02 8.371e-02 8.617e-02 7.510e-02 5.090e-02 3.613e-02 2.670e-02 2.055e-02 2.260e-02 2.424e-02 3.942e-02 5.254e-02 6.772e-02 7.797e-02 7.797e-02 6.690e-02 4.475e-02 1.727e-02 3.732e-03 4.102e-05 4.102e-05 4.102e-05 4.102e-05 4.102e-05
4.102e-05 4.102e-05 4.102e-05 4.102e-05 4.512e-04 9.064e-03 3.121e-02 5.623e-02 7.551e-02 8.207e-02 8.289e-02 6.320e-02 4.475e-02 2.957e-02 2.219e-02 1.973e-02 1.727e-02 2.465e-02 4.024e-02 5.459e-02 6.772e-02 7.920e-02 7.551e-02 6.320e-02 4.311e-02 1.604e-02 4.143e-03 4.102e-05 4.102e-05 4.102e-05 4.102e-05 4.102e-05
4.102e-05 4.102e-05 4.102e-05 4.512e-04 8.613e-04 1.112e-02 3.490e-02 5.541e-02 7.223e-02 8.002e-02 7.715e-02 6.115e-02 4.557e-02 3.121e-02 2.383e-02 2.096e-02 2.178e-02 3.490e-02 4.680e-02 6.279e-02 7.551e-02 7.797e-02 7.182e-02 5.746e-02 3.490e-02 1.399e-02 3.732e-03 4.102e-05 4.102e-05 4.102e-05 4.102e-05 4.102e-05
4.102e-05 4.102e-05 4.102e-05 4.102e-05 1.271e-03 7.834e-03 2.957e-02 5.213e-02 7.059e-02 7.879e-02 7.551e-02 6.526e-02 4.967e-02 3.819e-02 3.121e-02 2.834e-02 3.285e-02 4.475e-02 5.787e-02 7.305e-02 7.961e-02 7.838e-02 6.772e-02 5.213e-02 3.162e-02 1.071e-02 2.502e-03 4.102e-05 4.102e-05 4.102e-05 4.102e-05 4.102e-05
4.102e-05 4.102e-05 4.102e-05 4.102e-05 4.512e-04 6.193e-03 2.670e-02 4.844e-02 6.403e-02 7.510e-02 7.879e-02 7.264e-02 6.156e-02 4.926e-02 4.106e-02 4.270e-02 4.967e-02 5.951e-02 7.182e-02 7.920e-02 7.920e-02 7.346e-02 5.787e-02 4.188e-02 2.096e-02 9.475e-03 3.322e-03 4.102e-05 4.102e-05 4.102e-05 4.102e-05 4.102e-05
4.102e-05 4.102e-05 4.102e-05 4.102e-05 4.102e-05 4.143e-03 2.014e-02 3.942e-02 5.746e-02 7.182e-02 7.879e-02 7.797e-02 7.510e-02 6.608e-02 6.033e-02 6.238e-02 6.813e-02 7.715e-02 7.879e-02 8.002e-02 7.592e-02 6.197e-02 4.844e-02 3.162e-02 1.645e-02 7.014e-03 8.613e-04 4.102e-05 4.102e-05 4.102e-05 4.102e-05 4.102e-05
4.102e-05 4.102e-05 4.102e-05 4.102e-05 4.102e-05 2.092e-03 1.153e-02 3.039e-02 4.885e-02 6.485e-02 7.592e-02 8.248e-02 8.289e-02 7.838e-02 7.838e-02 8.002e-02 8.248e-02 8.330e-02 8.248e-02 7.428e-02 6.444e-02 5.172e-02 3.654e-02 2.260e-02 1.317e-02 6.193e-03 4.102e-05 4.102e-05 4.102e-05 4.102e-05 4.102e-05 4.102e-05
4.102e-05 4.102e-05 4.102e-05 4.102e-05 4.102e-05 4.512e-04 4.553e-03 1.891e-02 3.737e-02 5.336e-02 6.690e-02 8.207e-02 8.453e-02 8.412e-02 8.740e-02 8.699e-02 8.658e-02 8.535e-02 7.920e-02 7.141e-02 5.746e-02 4.024e-02 2.834e-02 1.358e-02 9.064e-03 3.732e-03 4.102e-05 4.102e-05 4.102e-05 4.102e-05 4.102e-05 4.102e-05
4.102e-05 4.102e-05 4.102e-05 4.102e-05 4.102e-05 4.102e-05 2.092e-03 9.885e-03 2.219e-02 3.778e-02 6.197e-02 7.674e-02 8.535e-02 8.986e-02 8.945e-02 9.027e-02 8.945e-02 8.576e-02 7.715e-02 6.156e-02 4.721e-02 2.834e-02 1.727e-02 9.475e-03 5.373e-03 2.092e-03 4.512e-04 4.102e-05 4.102e-05 4.102e-05 4.102e-05 4.102e-05
4.102e-05 4.102e-05 4.102e-05 4.102e-05 4.102e-05 4.102e-05 8.613e-04 3.732e-03 1.522e-02 3.121e-02 5.254e-02 7.510e-02 8.494e-02 8.986e-02 9.110e-02 9.027e-02 8.740e-02 8.248e-02 6.854e-02 5.705e-02 4.024e-02 2.547e-02 1.522e-02 7.834e-03 4.143e-03 1.682e-03 4.512e-04 4.102e-05 4.102e-05 4.102e-05 4.102e-05 4.102e-05
4.102e-05 4.102e-05 4.102e-05 4.102e-05 4.102e-05 4.102e-05 4.512e-04 5.783e-03 1.358e-02 3.326e-02 5.664e-02 7.551e-02 8.330e-02 8.904e-02 9.027e-02 9.069e-02 8.740e-02 8.043e-02 6.649e-02 5.377e-02 3.613e-02 2.588e-02 1.686e-02 9.475e-03 4.553e-03 1.682e-03 4.512e-04 4.102e-05 4.102e-05 4.102e-05 4.102e-05 4.102e-05
4.102e-05 4.102e-05 4.102e-05 4.102e-05 4.102e-05 4.102e-05 1.682e-03 8.654e-03 1.973e-02 3.983e-02 6.238e-02 7.633e-02 8.371e-02 8.781e-02 8.699e-02 8.617e-02 8.453e-02 7.797e-02 7.018e-02 5.541e-02 4.147e-02 2.834e-02 2.137e-02 1.481e-02 7.424e-03 2.502e-03 4.102e-05 4.102e-05 4.102e-05 4.102e-05 4.102e-05 4.102e-05
4.102e-05 4.102e-05 4.102e-05 4.102e-05 4.102e-05 4.102e-05 2.092e-03 1.317e-02 2.793e-02 4.885e-02 6.567e-02 8.002e-02 8.248e-02 8.002e-02 7.592e-02 7.715e-02 7.592e-02 7.551e-02 6.854e-02 6.361e-02 4.721e-02 3.654e-02 2.588e-02 1.850e-02 1.071e-02 3.322e-03 8.613e-04 4.102e-05 4.102e-05 4.102e-05 4.102e-05 4.102e-05
4.102e-05 4.102e-05 4.102e-05 4.102e-05 4.102e-05 4.102e-05 3.732e-03 1.686e-02 3.819e-02 5.623e-02 7.387e-02 8.166e-02 7.879e-02 7.264e-02 6.197e-02 6.033e-02 6.444e-02 6.649e-02 6.485e-02 6.197e-02 5.582e-02 4.598e-02 3.654e-02 2.383e-02 1.399e-02 7.014e-03 1.271e-03 4.102e-05 4.102e-05 4.102e-05 4.102e-05 4.102e-05
4.102e-05 4.102e-05 4.102e-05 4.102e-05 4.102e-05 4.102e-05 4.553e-03 2.014e-02 4.639e-02 6.813e-02 8.084e-02 8.207e-02 7.428e-02 6.197e-02 5.008e-02 4.393e-02 4.557e-02 5.869e-02 6.197e-02 6.074e-02 5.746e-02 5.008e-02 4.270e-02 3.244e-02 2.219e-02 1.029e-02 2.092e-03 4.102e-05 4.102e-05 4.102e-05 4.102e-05 4.102e-05
4.102e-05 4.102e-05 4.102e-05 4.102e-05 4.102e-05 4.512e-04 4.963e-03 2.588e-02 5.254e-02 7.305e-02 7.920e-02 7.797e-02 6.526e-02 4.967e-02 3.654e-02 2.957e-02 3.737e-02 4.475e-02 5.213e-02 5.541e-02 5.869e-02 5.746e-02 5.049e-02 3.860e-02 2.793e-02 1.522e-02 2.912e-03 4.102e-05 4.102e-05 4.102e-05 4.102e-05 4.102e-05
4.102e-05 4.102e-05 4.102e-05 4.102e-05 4.102e-05 1.271e-03 4.143e-03 2.957e-02 5.787e-02 7.510e-02 8.248e-02 7.469e-02 6.115e-02 4.024e-02 2.670e-02 2.547e-02 2.916e-02 3.695e-02 4.393e-02 5.336e-02 5.787e-02 5.746e-02 5.254e-02 4.639e-02 3.367e-02 2.055e-02 5.373e-03 4.512e-04 4.102e-05 4.102e-05 4.102e-05 4.102e-05
4.102e-05 4.102e-05 4.102e-05 4.102e-05 4.102e-05 8.613e-04 8.244e-03 3.531e-02 6.197e-02 7.879e-02 8.371e-02 7.756e-02 5.664e-02 3.531e-02 2.219e-02 2.014e-02 2.301e-02 2.998e-02 3.901e-02 4.762e-02 5.664e-02 6.156e-02 5.787e-02 5.254e-02 3.737e-02 2.055e-02 7.424e-03 4.102e-05 4.102e-05 4.102e-05 4.102e-05 4.102e-05
4.102e-05 4.102e-05 4.102e-05 4.102e-05 4.102e-05 4.512e-04 7.424e-03 2.711e-02 5.828e-02 8.002e-02 8.699e-02 8.043e-02 6.238e-02 3.983e-02 2.506e-02 2.055e-02 2.096e-02 2.957e-02 3.613e-02 4.967e-02 5.869e-02 6.074e-02 6.156e-02 5.377e-02 4.065e-02 2.301e-02 8.244e-03 2.092e-03 4.102e-05 4.102e-05 4.102e-05 4.102e-05
4.102e-05 4.102e-05 4.102e-05 4.102e-05 4.102e-05 4.512e-04 6.193e-03 2.342e-02 5.336e-02 7.428e-02 8.699e-02 8.535e-02 7.264e-02 5.541e-02 4.024e-02 3.408e-02 3.039e-02 4.065e-02 5.008e-02 5.746e-02 6.279e-02 6.567e-02 6.279e-02 5.582e-02 3.860e-02 2.137e-02 9.064e-03 2.502e-03 4.102e-05 4.102e-05 4.102e-05 4.102e-05
4.102e-05 4.102e-05 4.102e-05 4.102e-05 4.102e-05 4.512e-04 1.682e-03 1.522e-02 3.860e-02 6.608e-02 8.371e-02 8.904e-02 8.740e-02 8.002e-02 7.059e-02 6.320e-02 5.992e-02 6.444e-02 6.772e-02 6.854e-02 7.223e-02 6.977e-02 6.279e-02 5.377e-02 3.613e-02 1.932e-02 9.064e-03 3.322e-03 4.102e-05 4.102e-05 4.102e-05 4.102e-05
4.102e-05 4.102e-05 4.102e-05 4.102e-05 4.102e-05 4.102e-05 4.512e-04 7.014e-03 2.424e-02 5.213e-02 7.633e-02 8.904e-02 9.192e-02 9.233e-02 8.986e-02 8.740e-02 8.617e-02 8.412e-02 8.289e-02 8.002e-02 7.756e-02 6.936e-02 6.074e-02 4.434e-02 2.998e-02 1.399e-02 6.603e-03 1.682e-03 8.613e-04 4.102e-05 4.102e-05 4.102e-05
4.102e-05 4.102e-05 4.102e-05 4.102e-05 4.102e-05 4.102e-05 4.102e-05 1.682e-03 1.071e-02 3.326e-02 5.787e-02 7.715e-02 8.822e-02 9.315e-02 9.438e-02 9.397e-02 9.192e-02 8.904e-02 8.576e-02 8.043e-02 7.305e-02 6.403e-02 5.008e-02 3.285e-02 1.809e-02 8.654e-03 3.322e-03 1.271e-03 4.512e-04 4.102e-05 4.102e-05 4.102e-05
4.102e-05 4.102e-05 4.102e-05 4.102e-05 4.102e-05 4.102e-05 4.102e-05 4.102e-05 2.912e-03 1.112e-02 3.039e-02 5.131e-02 6.854e-02 8.166e-02 8.699e-02 8.822e-02 8.822e-02 8.412e-02 8.166e-02 7.182e-02 6.197e-02 4.557e-02 3.121e-02 1.891e-02 8.244e-03 3.322e-03 1.271e-03 8.613e-04 4.102e-05 4.102e-05 4.102e-05 4.102e-05
4.102e-05 4.102e-05 4.102e-05 4.102e-05 4.102e-05 4.102e-05 4.102e-05 4.102e-05 4.102e-05 8.613e-04 7.834e-03 1.481e-02 2.916e-02 4.639e-02 5.746e-02 6.115e-02 6.115e-02 5.582e-02 4.885e-02 3.778e-02 2.875e-02 1.727e-02 8.244e-03 4.553e-03 1.271e-03 4.512e-04 4.512e-04 4.102e-05 4.102e-05 4.102e-05 4.102e-05 4.102e-05
